run_id,ts_utc,ts_ist,nse_phase,venue,symbol,label,kind,ccy,liquidity_source,identifier,expiry,strike,moneyness,dte,lot,tick,contract_value,qty_mult,px_to_inr,usdt_inr_mid,usd_inr_official,underlying,last,bid,ask,mid,spread,spread_bps,bid_qty_units,ask_qty_units,depth_touch_bid_inr,depth_touch_ask_inr,depth_bid_1bp_inr,depth_ask_1bp_inr,depth_bid_2bp_inr,depth_ask_2bp_inr,depth_bid_5bp_inr,depth_ask_5bp_inr,depth_bid_10bp_inr,depth_ask_10bp_inr,depth_bid_25bp_inr,depth_ask_25bp_inr,depth_bid_50bp_inr,depth_ask_50bp_inr,ic_buy_1L_bps,ic_sell_1L_bps,ic_buy_10L_bps,ic_sell_10L_bps,ic_buy_50L_bps,ic_sell_50L_bps,ic_buy_1cr_bps,ic_sell_1cr_bps,visible_levels_bid,visible_levels_ask,total_buy_units,total_sell_units,volume,oi,notional_traded_inr,source_ts
20260914T040000Z,2026-09-14T04:00:00.699617+00:00,14-Sep-2026 09:30:00,open,NSE F&O,NIFTY,NIFTY FUT near,index_future,INR,native,FUTIDXNIFTY29-09-2026XX0.00,29-Sep-2026,,,,65.0,0.1,,1.0,1.0,99.41999999999999,95.613964,23398.1,23499.0,23497.0,23505.0,23501.0,8.0,3.4041104633845367,65.0,130.0,1527305.0,3055650.0,0.0,0.0,1527305.0,3055650.0,198532912.5,15279868.5,198532912.5,15279868.5,198532912.5,15279868.5,198532912.5,15279868.5,1.7020552316922684,1.7020552316922684,1.7020552316922684,1.7020552316922684,1.9513962470667485,1.9975950083507699,2.4649700792475278,2.228155262583904,5,5,144560.0,175955.0,50530.0,275894.0,76849429722.0,11-Sep-2026 15:40
20260914T040000Z,2026-09-14T04:00:00.699617+00:00,14-Sep-2026 09:30:00,open,NSE F&O,NIFTY,NIFTY FUT next,index_future,INR,native,FUTIDXNIFTY27-10-2026XX0.00,27-Oct-2026,,,,65.0,0.1,,1.0,1.0,99.41999999999999,95.613964,23398.1,23604.0,23604.0,23607.9,23605.95,3.900000000001455,1.652125841155071,520.0,195.0,12274080.0,4603540.5,12274080.0,4603540.5,12274080.0,26088153.0,24544162.5,29157583.0,26077662.0,29157583.0,26077662.0,29157583.0,26077662.0,29157583.0,0.8260629205775355,0.8260629205775355,0.8260629205775355,0.8260629205775355,0.8730860648511648,0.8260629205775355,1.1461024467529852,0.8260629205775355,5,5,42770.0,32175.0,9190.0,48308.0,14033890013.0,11-Sep-2026 15:40
20260914T040000Z,2026-09-14T04:00:00.699617+00:00,14-Sep-2026 09:30:00,open,NSE F&O,NIFTY,NIFTY 23400 CE exp 15-Sep (1DTE),index_option_atm,INR,native,OPTIDXNIFTY15-09-2026CE23400.00,2026-09-15,23400.0,ATM,1,65.0,0.05,,1.0,1.0,99.41999999999999,95.613964,23398.1,133.6,133.65,135.0,134.325,1.3499999999999943,100.50251256281365,780.0,2145.0,104247.0,289575.0,0.0,0.0,0.0,0.0,0.0,0.0,0.0,0.0,0.0,0.0,0.0,0.0,50.25125628140788,50.25125628140577,75.39149583107367,,,,,,5,5,402870.0,260000.0,5962887.0,94756.0,9105406860964.05,11-Sep-2026 15:40
20260914T040000Z,2026-09-14T04:00:00.699617+00:00,14-Sep-2026 09:30:00,open,NSE F&O,NIFTY,NIFTY 23400 PE exp 15-Sep (1DTE),index_option_atm,INR,native,OPTIDXNIFTY15-09-2026PE23400.00,2026-09-15,23400.0,ATM,1,65.0,0.05,,1.0,1.0,99.41999999999999,95.613964,23398.1,70.4,70.55,71.25,70.9,0.7000000000000028,98.73060648801167,520.0,910.0,36686.0,64837.5,0.0,0.0,0.0,0.0,0.0,0.0,0.0,0.0,0.0,0.0,36686.0,64837.5,61.59425349235377,64.01142354800817,,,,,,,5,5,272675.0,945750.0,4302778.0,138303.0,6575841171422.9,11-Sep-2026 15:40
20260914T040000Z,2026-09-14T04:00:00.699617+00:00,14-Sep-2026 09:30:00,open,NSE F&O,NIFTY,NIFTY 23500 CE exp 15-Sep (1DTE),index_option_otm,INR,native,OPTIDXNIFTY15-09-2026CE23500.00,2026-09-15,23500.0,OTM100,1,65.0,0.05,,1.0,1.0,99.41999999999999,95.613964,23398.1,75.65,75.65,76.25,75.95,0.5999999999999943,78.99934167215197,845.0,975.0,63924.25000000001,74343.75,0.0,0.0,0.0,0.0,0.0,0.0,0.0,0.0,0.0,0.0,83580.25,163614.75,41.187870222023065,42.9581119405769,,,,,,,5,5,1178190.0,885820.0,6077016.0,143076.0,9304426523106.0,11-Sep-2026 15:40
20260914T040000Z,2026-09-14T04:00:00.699617+00:00,14-Sep-2026 09:30:00,open,NSE F&O,NIFTY,NIFTY 23300 PE exp 15-Sep (1DTE),index_option_otm,INR,native,OPTIDXNIFTY15-09-2026PE23300.00,2026-09-15,23300.0,OTM100,1,65.0,0.05,,1.0,1.0,99.41999999999999,95.613964,23398.1,44.65,44.65,45.05,44.849999999999994,0.3999999999999986,89.18617614269756,325.0,260.0,14511.25,11713.0,0.0,0.0,0.0,0.0,0.0,0.0,0.0,0.0,0.0,0.0,14511.25,11713.0,,,,,,,,,5,5,687570.0,2164630.0,7105072.0,212343.0,10798921842768.8,11-Sep-2026 15:40
20260914T040000Z,2026-09-14T04:00:00.699617+00:00,14-Sep-2026 09:30:00,open,NSE F&O,NIFTY,NIFTY 23400 CE exp 29-Sep (15DTE),index_option_atm_monthly,INR,native,OPTIDXNIFTY29-09-2026CE23400.00,2026-09-29,23400.0,ATM,15,65.0,0.05,,1.0,1.0,99.41999999999999,95.613964,23398.1,289.65,284.95,288.05,286.5,3.1000000000000227,108.2024432809781,65.0,65.0,18521.75,18723.25,0.0,0.0,0.0,0.0,0.0,0.0,0.0,0.0,0.0,0.0,0.0,0.0,81.13536172609129,55.523226843440945,,,,,,,5,5,48620.0,32110.0,78422.0,28725.0,120549937658.8,11-Sep-2026 15:40
20260914T040000Z,2026-09-14T04:00:00.699617+00:00,14-Sep-2026 09:30:00,open,NSE F&O,NIFTY,NIFTY 23400 PE exp 29-Sep (15DTE),index_option_atm_monthly,INR,native,OPTIDXNIFTY29-09-2026PE23400.00,2026-09-29,23400.0,ATM,15,65.0,0.05,,1.0,1.0,99.41999999999999,95.613964,23398.1,182.05,184.1,186.1,185.1,2.0,108.04970286331712,520.0,130.0,95732.0,24193.0,0.0,0.0,0.0,0.0,0.0,0.0,0.0,0.0,0.0,0.0,0.0,0.0,70.32435991979504,55.18074708992174,,,,,,,5,5,33345.0,36205.0,74701.0,35351.0,114696311315.3,11-Sep-2026 15:40
20260914T040000Z,2026-09-14T04:00:00.699617+00:00,14-Sep-2026 09:30:00,open,NSE F&O,BANKNIFTY,BANKNIFTY FUT near,index_future,INR,native,FUTIDXBANKNIFTY29-09-2026XX0.00,29-Sep-2026,,,,30.0,0.2,,1.0,1.0,99.41999999999999,95.613964,56606.55,56921.0,56901.0,56921.0,56911.0,20.0,3.5142591063239093,210.0,30.0,11949210.0,1707630.0,0.0,0.0,15363216.0,1707630.0,18777174.0,29032110.0,18777174.0,29032110.0,18777174.0,29032110.0,18777174.0,29032110.0,1.7571295531619546,1.7571295531619546,1.7571295531619546,1.7571295531619546,2.2199280961527372,1.7571295531632332,2.339953294986753,1.7571295531632332,5,5,38910.0,31080.0,19302.0,72059.0,32684867982.0,11-Sep-2026 15:40
20260914T040000Z,2026-09-14T04:00:00.699617+00:00,14-Sep-2026 09:30:00,open,NSE F&O,BANKNIFTY,BANKNIFTY FUT next,index_future,INR,native,FUTIDXBANKNIFTY27-10-2026XX0.00,27-Oct-2026,,,,30.0,0.2,,1.0,1.0,99.41999999999999,95.613964,56606.55,57189.4,57179.8,57199.0,57189.4,19.19999999999709,3.3572655072438407,90.0,30.0,5146182.0,1715970.0,0.0,0.0,12007644.0,10295970.0,15438240.0,12012030.0,15438240.0,18878700.0,15438240.0,18878700.0,15438240.0,18878700.0,1.6786327536219203,1.6786327536219203,1.6786327536219203,1.6786327536219203,1.793479571246797,1.6786327536219203,1.8234848616689254,1.7465313914490703,5,5,10740.0,9540.0,2369.0,9031.0,4027349985.9,11-Sep-2026 15:40
20260914T040000Z,2026-09-14T04:00:00.699617+00:00,14-Sep-2026 09:30:00,open,NSE F&O,BANKNIFTY,BANKNIFTY 56600 CE exp 29-Sep (15DTE),index_option_atm,INR,native,OPTIDXBANKNIFTY29-09-2026CE56600.00,2026-09-29,56600.0,ATM,15,30.0,0.05,,1.0,1.0,99.41999999999999,95.613964,56606.55,818.9,807.0,820.0,813.5,13.0,159.80331899200985,30.0,360.0,24210.0,295200.0,0.0,0.0,0.0,0.0,0.0,0.0,0.0,0.0,0.0,0.0,0.0,0.0,79.90165949600492,95.25502922022717,,,,,,,5,5,10800.0,10230.0,47847.0,4283.0,82150136313.3,11-Sep-2026 15:40
20260914T040000Z,2026-09-14T04:00:00.699617+00:00,14-Sep-2026 09:30:00,open,NSE F&O,BANKNIFTY,BANKNIFTY 56600 PE exp 29-Sep (15DTE),index_option_atm,INR,native,OPTIDXBANKNIFTY29-09-2026PE56600.00,2026-09-29,56600.0,ATM,15,30.0,0.05,,1.0,1.0,99.41999999999999,95.613964,56606.55,493.9,483.0,495.85,489.425,12.850000000000023,262.55299586249214,30.0,30.0,14490.0,14875.5,0.0,0.0,0.0,0.0,0.0,0.0,0.0,0.0,0.0,0.0,0.0,0.0,183.40785013363393,161.86772305856567,,,,,,,5,5,5940.0,11640.0,30729.0,4430.0,52751696856.3,11-Sep-2026 15:40
20260914T040000Z,2026-09-14T04:00:00.699617+00:00,14-Sep-2026 09:30:00,open,NSE F&O,BANKNIFTY,BANKNIFTY 56800 CE exp 29-Sep (15DTE),index_option_otm,INR,native,OPTIDXBANKNIFTY29-09-2026CE56800.00,2026-09-29,56800.0,OTM200,15,30.0,0.05,,1.0,1.0,99.41999999999999,95.613964,56606.55,698.65,690.0,699.0,694.5,9.0,129.58963282937364,30.0,360.0,20700.0,251640.0,0.0,0.0,0.0,0.0,0.0,0.0,0.0,0.0,0.0,0.0,0.0,0.0,64.79481641468682,121.08157658221577,,,,,,,5,5,8820.0,9030.0,48027.0,5920.0,82583655991.2,11-Sep-2026 15:40
20260914T040000Z,2026-09-14T04:00:00.699617+00:00,14-Sep-2026 09:30:00,open,NSE F&O,BANKNIFTY,BANKNIFTY 56400 PE exp 29-Sep (15DTE),index_option_otm,INR,native,OPTIDXBANKNIFTY29-09-2026PE56400.00,2026-09-29,56400.0,OTM200,15,30.0,0.05,,1.0,1.0,99.41999999999999,95.613964,56606.55,415.45,415.0,423.0,419.0,8.0,190.9307875894988,30.0,360.0,12450.0,152280.0,0.0,0.0,0.0,0.0,0.0,0.0,0.0,0.0,0.0,0.0,0.0,0.0,95.4653937947494,174.9569688442441,,,,,,,5,5,24210.0,15390.0,39972.0,3617.0,68333712894.0,11-Sep-2026 15:40
20260914T040000Z,2026-09-14T04:00:00.699617+00:00,14-Sep-2026 09:30:00,open,NSE F&O,RELIANCE,RELIANCE FUT near (top),stock_future_top,INR,native,FUTSTKRELIANCE29-09-2026XX0.00,29-09-2026,,,,500.0,0.1,,1.0,1.0,99.41999999999999,95.613964,1257.5,1266.1,1265.9,1266.1,1266.0,0.1999999999998181,1.5797788309622285,500.0,500.0,632950.0,633050.0,632950.0,633050.0,1265850.0,1266150.0,10124500.0,13297000.0,10124500.0,13297000.0,10124500.0,13297000.0,10124500.0,13297000.0,0.7898894154811142,0.7898894154811142,1.0797248447214818,1.0798328226049252,2.259354320039428,2.9497420516144923,2.7094357373197857,3.4496195583879907,5,5,302000.0,597500.0,20245.0,257581.0,12777732975.0,11-Sep-2026 15:40
20260914T040000Z,2026-09-14T04:00:00.699617+00:00,14-Sep-2026 09:30:00,open,NSE F&O,HDFCBANK,HDFCBANK FUT near (top),stock_future_top,INR,native,FUTSTKHDFCBANK29-09-2026XX0.00,29-09-2026,,,,650.0,0.05,,1.0,1.0,99.41999999999999,95.613964,708.25,710.55,710.5,710.55,710.525,0.049999999999954525,0.7037050068604839,9750.0,650.0,6927375.0,461857.49999999994,6927375.0,461857.49999999994,6927375.0,1385670.0,11082435.0,3233522.5,21698527.5,3233522.5,21698527.5,3233522.5,21698527.5,3233522.5,0.35185250343024194,0.35185250343024194,0.7841860590122253,0.35185250343024194,,0.35185250343024194,,1.2595000688698526,5,5,596050.0,1320150.0,66252.0,552785.0,30096859182.0,11-Sep-2026 15:40
20260914T040000Z,2026-09-14T04:00:00.699617+00:00,14-Sep-2026 09:30:00,open,NSE F&O,ICICIBANK,ICICIBANK FUT near (top),stock_future_top,INR,native,FUTSTKICICIBANK29-09-2026XX0.00,29-09-2026,,,,700.0,0.1,,1.0,1.0,99.41999999999999,95.613964,1379.3,1390.1,1390.0,1390.3,1390.15,0.2999999999999545,2.158040499226375,700.0,2100.0,973000.0,2919630.0,0.0,0.0,973000.0,10705870.0,973000.0,33094250.0,12640670.0,33094250.0,17501120.0,33094250.0,17501120.0,33094250.0,1.0790202496123695,1.0790202496140053,1.0790202496123695,1.234486226504653,1.3783091937032497,6.593596304548204,1.5883337276808056,7.433112961857678,5,5,176400.0,241500.0,12837.0,136858.0,12457602465.0,11-Sep-2026 15:40
20260914T040000Z,2026-09-14T04:00:00.699617+00:00,14-Sep-2026 09:30:00,open,NSE F&O,SBIN,SBIN FUT near (top),stock_future_top,INR,native,FUTSTKSBIN29-09-2026XX0.00,29-09-2026,,,,750.0,0.1,,1.0,1.0,99.41999999999999,95.613964,995.7,1001.0,1000.7,1001.0,1000.85,0.2999999999999545,2.9974521656587356,750.0,5250.0,750525.0,5255250.0,0.0,0.0,750525.0,5255250.0,6753525.0,6757125.0,10504650.0,12014625.0,10504650.0,12014625.0,10504650.0,12014625.0,1.4987260828293678,1.4987260828293678,1.4987260828293678,1.7480079053089124,1.4987260828293678,2.8466479454005094,3.16959204022464,3.995928359628673,5,5,255000.0,420750.0,7508.0,118454.0,5627846640.0,11-Sep-2026 15:40
20260914T040000Z,2026-09-14T04:00:00.699617+00:00,14-Sep-2026 09:30:00,open,NSE F&O,INFY,INFY FUT near (top),stock_future_top,INR,native,FUTSTKINFY29-09-2026XX0.00,29-09-2026,,,,400.0,0.1,,1.0,1.0,99.41999999999999,95.613964,1037.7,1044.8,1044.4,1044.8,1044.6,0.3999999999998636,3.8292169251375032,1200.0,2400.0,1253280.0,2507520.0,0.0,0.0,1253280.0,2507520.0,2506280.0,6269520.0,5429440.0,7105680.0,5429440.0,7105680.0,5429440.0,7105680.0,1.91460846256984,1.9146084625676634,1.91460846256984,1.9146084625676634,2.7889268767440885,4.384421669054559,,,5,5,126800.0,216000.0,13434.0,198483.0,5614498488.0,11-Sep-2026 15:40
20260914T040000Z,2026-09-14T04:00:00.699617+00:00,14-Sep-2026 09:30:00,open,NSE F&O,AXISBANK,AXISBANK FUT near (top),stock_future_top,INR,native,FUTSTKAXISBANK29-09-2026XX0.00,29-09-2026,,,,625.0,0.1,,1.0,1.0,99.41999999999999,95.613964,1246.0,1255.3,1253.5,1255.2,1254.35,1.7000000000000455,13.552836130267035,1250.0,625.0,1566875.0,784500.0,0.0,0.0,0.0,0.0,0.0,0.0,3133375.0,3138437.5,5482437.5,3923250.0,5482437.5,3923250.0,6.776418065134424,6.776418065132611,6.948209456765671,6.776418065132611,,9.407751209607584,,,5,5,88750.0,172500.0,9430.0,146508.0,7342905250.0,11-Sep-2026 15:40
20260914T040000Z,2026-09-14T04:00:00.699617+00:00,14-Sep-2026 09:30:00,open,NSE F&O,SAIL,SAIL FUT near (tail),stock_future_tail,INR,native,FUTSTKSAIL29-09-2026XX0.00,29-09-2026,,,,4700.0,0.01,,1.0,1.0,99.41999999999999,95.613964,179.0,181.0,180.24,181.0,180.62,0.7599999999999909,42.07728933672854,9400.0,9400.0,1694256.0,1701400.0,0.0,0.0,0.0,0.0,0.0,0.0,0.0,0.0,2541149.0,1701400.0,3386068.0,2554450.0,21.03864466836427,21.03864466836427,21.03864466836427,21.03864466836427,80.43782175903613,43.83991091067056,,,5,5,202100.0,42300.0,151.0,30353.0,129002169.0,11-Sep-2026 15:40
20260914T040000Z,2026-09-14T04:00:00.699617+00:00,14-Sep-2026 09:30:00,open,NSE F&O,NBCC,NBCC FUT near (tail),stock_future_tail,INR,native,FUTSTKNBCC29-09-2026XX0.00,29-09-2026,,,,6500.0,0.01,,1.0,1.0,99.41999999999999,95.613964,82.9,83.25,83.3,83.44,83.37,0.14000000000000057,16.792611251049603,13000.0,6500.0,1082900.0,542360.0,0.0,0.0,0.0,0.0,0.0,0.0,1082900.0,1084785.0,1082900.0,3798600.0,3241615.0,3798600.0,8.39630562552395,8.396305625525654,8.94519641997564,8.396305625525654,,,,,5,5,195000.0,292500.0,573.0,14863.0,308351355.0,11-Sep-2026 15:40
20260914T040000Z,2026-09-14T04:00:00.699617+00:00,14-Sep-2026 09:30:00,open,NSE F&O,PETRONET,PETRONET FUT near (tail),stock_future_tail,INR,native,FUTSTKPETRONET29-09-2026XX0.00,29-09-2026,,,,1900.0,0.05,,1.0,1.0,99.41999999999999,95.613964,287.2,286.5,286.35,287.0,286.675,0.6499999999999773,22.673759483735147,5700.0,3800.0,1632195.0000000002,1090600.0,0.0,0.0,0.0,0.0,0.0,0.0,0.0,0.0,4351000.0,2727925.0,5436850.0,3820710.0,11.336879741867573,11.336879741867573,11.336879741867573,11.336879741867573,,17.092484457076708,,,5,5,62700.0,64600.0,599.0,15428.0,325462457.0,11-Sep-2026 15:40
20260914T040000Z,2026-09-14T04:00:00.699617+00:00,14-Sep-2026 09:30:00,open,NSE F&O,TIINDIA,TIINDIA FUT near (tail),stock_future_tail,INR,native,FUTSTKTIINDIA29-09-2026XX0.00,29-09-2026,,,,200.0,0.1,,1.0,1.0,99.41999999999999,95.613964,2606.1,2615.5,2615.0,2618.4,2616.7,3.400000000000091,12.993465051400968,2000.0,600.0,5230000.0,1571040.0,0.0,0.0,0.0,0.0,0.0,0.0,5230000.0,1571040.0,6797200.0,3668120.0,6797200.0,3668120.0,6.496732525701353,6.496732525699615,6.496732525701353,6.496732525699615,,6.496732525699615,,,5,5,6600.0,5600.0,676.0,10980.0,353109952.0,11-Sep-2026 15:40
20260914T040000Z,2026-09-14T04:00:00.699617+00:00,14-Sep-2026 09:30:00,open,NSE F&O,MANKIND,MANKIND FUT near (tail),stock_future_tail,INR,native,FUTSTKMANKIND29-09-2026XX0.00,29-09-2026,,,,250.0,0.1,,1.0,1.0,99.41999999999999,95.613964,2280.0,2279.9,2273.1,2280.9,2277.0,7.800000000000182,34.25559947299158,500.0,250.0,1136550.0,570225.0,0.0,0.0,0.0,0.0,0.0,0.0,0.0,0.0,2273050.0,4562200.0,4543350.0,5703900.0,17.12779973649579,17.12779973649579,17.316541175183236,17.12779973649579,18.697824347322502,,,,5,5,11250.0,20000.0,1223.0,10972.0,692532922.5,11-Sep-2026 15:40
20260914T040000Z,2026-09-14T04:00:00.699617+00:00,14-Sep-2026 09:30:00,open,NSE F&O,GODFRYPHLP,GODFRYPHLP FUT near (tail),stock_future_tail,INR,native,FUTSTKGODFRYPHLP29-09-2026XX0.00,29-09-2026,,,,275.0,0.1,,1.0,1.0,99.41999999999999,95.613964,1927.0,1925.0,1924.4,1929.0,1926.7,4.599999999999909,23.875019463330613,275.0,1375.0,529210.0,2652375.0,0.0,0.0,0.0,0.0,0.0,0.0,0.0,0.0,1586750.0,3713985.0,2643272.5,4776695.0,11.937509731665306,11.937509731665306,11.937509731665306,14.626177935200099,,,,,5,5,5775.0,7975.0,478.0,5279.0,254801365.5,11-Sep-2026 15:40
20260914T040000Z,2026-09-14T04:00:00.699617+00:00,14-Sep-2026 09:30:00,open,NSE F&O,RELIANCE,RELIANCE 1260 CE exp 29-Sep (15DTE),stock_option_atm,INR,native,OPTSTKRELIANCE29-09-2026CE1260.00,2026-09-29,1260.0,ATM,15,500.0,0.05,,1.0,1.0,99.41999999999999,95.613964,1257.5,23.5,23.5,23.6,23.55,0.10000000000000142,42.46284501061632,8500.0,1000.0,199750.0,23600.0,0.0,0.0,0.0,0.0,0.0,0.0,0.0,0.0,199750.0,23600.0,234925.0,70900.0,43.60705340910512,21.23142250530816,,,,,,,5,5,748000.0,328500.0,27386.0,4322.0,17557575390.0,11-Sep-2026 15:40
20260914T040000Z,2026-09-14T04:00:00.699617+00:00,14-Sep-2026 09:30:00,open,NSE F&O,RELIANCE,RELIANCE 1260 PE exp 29-Sep (15DTE),stock_option_atm,INR,native,OPTSTKRELIANCE29-09-2026PE1260.00,2026-09-29,1260.0,ATM,15,500.0,0.05,,1.0,1.0,99.41999999999999,95.613964,1257.5,17.65,17.65,17.85,17.75,0.20000000000000284,112.67605633802977,2000.0,1500.0,35300.0,26775.000000000004,0.0,0.0,0.0,0.0,0.0,0.0,0.0,0.0,0.0,0.0,0.0,0.0,95.41569977355421,77.94887740895777,,,,,,,5,5,769000.0,190000.0,14365.0,6207.0,9197550375.0,11-Sep-2026 15:40
20260914T040000Z,2026-09-14T04:00:00.699617+00:00,14-Sep-2026 09:30:00,open,NSE F&O,HDFCBANK,HDFCBANK 710 CE exp 29-Sep (15DTE),stock_option_atm,INR,native,OPTSTKHDFCBANK29-09-2026CE710.00,2026-09-29,710.0,ATM,15,650.0,0.05,,1.0,1.0,99.41999999999999,95.613964,708.25,13.25,13.2,13.3,13.25,0.10000000000000142,75.47169811320862,3900.0,9750.0,51480.0,129675.0,0.0,0.0,0.0,0.0,0.0,0.0,0.0,0.0,0.0,0.0,51480.0,129675.0,37.73584905660431,61.527490118427274,,,,,,,5,5,2510950.0,811850.0,75465.0,18198.0,35260228867.5,11-Sep-2026 15:40
20260914T040000Z,2026-09-14T04:00:00.699617+00:00,14-Sep-2026 09:30:00,open,NSE F&O,HDFCBANK,HDFCBANK 710 PE exp 29-Sep (15DTE),stock_option_atm,INR,native,OPTSTKHDFCBANK29-09-2026PE710.00,2026-09-29,710.0,ATM,15,650.0,0.05,,1.0,1.0,99.41999999999999,95.613964,708.25,12.55,12.4,12.55,12.475000000000001,0.15000000000000036,120.24048096192412,3250.0,2600.0,40300.0,32630.000000000004,0.0,0.0,0.0,0.0,0.0,0.0,0.0,0.0,0.0,0.0,0.0,0.0,97.61812454603765,91.97895854515227,,,,,,,5,5,785200.0,356850.0,17255.0,14350.0,8153738092.5,11-Sep-2026 15:40
20260914T040000Z,2026-09-14T04:00:00.699617+00:00,14-Sep-2026 09:30:00,open,Delta Exchange India,BTCUSD,Delta India BTCUSD perp,crypto_perp,USD,native (RMM programme),,,,,,,,0.001,0.001,99.41999999999999,99.41999999999999,95.613964,,,77584.5,77585.0,77584.75,0.5,0.06444565459062508,5157.0,3636.0,39778266.75543,28046288.545199998,1160253937.4203799,1112988950.16639,1460748657.3303597,1820695943.40468,2272470496.1419797,2286927099.43563,2272470496.1419797,2286927099.43563,2272470496.1419797,2286927099.43563,2272470496.1419797,2286927099.43563,0.03222282729531254,0.03222282729531254,0.03222282729531254,0.03222282729531254,0.03222282729531254,0.03222282729531254,0.03222282729531254,0.03222282729531254,20,20,,,,,,1789358434519000
20260914T040000Z,2026-09-14T04:00:00.699617+00:00,14-Sep-2026 09:30:00,open,Delta Exchange India,ETHUSD,Delta India ETHUSD perp,crypto_perp,USD,native (RMM programme),,,,,,,,0.01,0.01,99.41999999999999,99.41999999999999,95.613964,,,2513.05,2513.1,2513.075,0.04999999999972715,0.1989594421166386,932.0,6228.0,2328578.05692,15560807.596559998,11989712.878379997,88409010.70848,104632495.85273996,209124816.71343,402151897.2835199,601825103.3954998,402151897.2835199,601825103.3954998,402151897.2835199,601825103.3954998,402151897.2835199,601825103.3954998,0.09947972105922405,0.09947972105741454,0.09947972105922405,0.09947972105741454,0.09947972105922405,0.20578162993632315,0.09947972105922405,0.4064395102721471,20,20,,,,,,1789358435545000
20260914T040000Z,2026-09-14T04:00:00.699617+00:00,14-Sep-2026 09:30:00,open,CoinDCX spot,I-BTC_INR,CoinDCX I-BTC_INR,crypto_spot,INR,native,,,,,,,,,1.0,1.0,99.41999999999999,95.613964,,,7717066.9,7761755.2,7739411.050000001,44688.299999999814,57.741215334466325,0.00826,0.012815,63742.972594000006,99466.892888,0.0,0.0,0.0,0.0,0.0,0.0,0.0,0.0,0.0,0.0,154152.80025200002,157317.521687,28.870608356053367,28.87065451450463,61.99142924799024,74.75055837373439,,,,,20,20,,,,,,1789358435302
20260914T040000Z,2026-09-14T04:00:00.699617+00:00,14-Sep-2026 09:30:00,open,CoinDCX spot,I-ETH_INR,CoinDCX I-ETH_INR,crypto_spot,INR,native,,,,,,,,,1.0,1.0,99.41999999999999,95.613964,,,249905.4,251311.0,250608.2,1405.6000000000058,56.087550207854555,0.3686,0.0086,92115.13044,2161.2746,0.0,0.0,0.0,0.0,0.0,0.0,0.0,0.0,0.0,0.0,291878.26833999995,674888.9768003,29.572995890695584,28.044089733395932,43.330808102511895,64.79149247984931,,,,,20,20,,,,,,1789358435009
20260914T040000Z,2026-09-14T04:00:00.699617+00:00,14-Sep-2026 09:30:00,open,CoinDCX spot,I-USDT_INR,CoinDCX I-USDT_INR,crypto_spot,INR,native,,,,,,,,,1.0,1.0,99.41999999999999,95.613964,,,99.35,99.39,99.37,0.04000000000000625,4.025359766529762,35820.28,109.76,3558744.8179999995,10909.046400000001,0.0,0.0,0.0,0.0,3558744.8179999995,10909.046400000001,3558744.8179999995,10909.046400000001,15693495.930400003,10909.046400000001,23480154.171200003,10909.046400000001,46.81598435266681,2.012679883265596,53.41563615851372,2.012679883265596,56.09722639123487,5.38060761996658,59.13218679296262,11.268905913989174,20,20,,,,,,1789358436557
20260914T040000Z,2026-09-14T04:00:00.699617+00:00,14-Sep-2026 09:30:00,open,CoinDCX spot,B-BTC_USDT,CoinDCX B-BTC_USDT,crypto_spot,USDT,routed (Binance),,,,,,,,,1.0,99.41999999999999,99.41999999999999,95.613964,,,77612.19,77612.2,77612.195,0.00999999999476131,0.0012884573094165562,1.05041,4.58546,8105177.769901217,35382349.03080504,10082624.839603035,39317300.14814374,10082624.839603035,39317300.14814374,10082624.839603035,39317300.14814374,10082624.839603035,39317300.14814374,10082624.839603035,39317300.14814374,10082624.839603035,39317300.14814374,0.000644228653770802,0.0006442286556457542,0.000644228653770802,0.0006442286556457542,0.000644228653770802,0.0006442286556457542,0.000644228653770802,0.13258950107980108,20,20,,,,,,1789358438014
20260914T040000Z,2026-09-14T04:00:00.699617+00:00,14-Sep-2026 09:30:00,open,CoinDCX spot,B-ETH_USDT,CoinDCX B-ETH_USDT,crypto_spot,USDT,routed (Binance),,,,,,,,,1.0,99.41999999999999,99.41999999999999,95.613964,,,2513.76,2513.77,2513.7650000000003,0.009999999999763531,0.039780966000256705,4.2636,42.4255,1065550.46666112,10602939.103001699,3117198.9252108596,34175398.52859707,3117198.9252108596,34175398.52859707,3117198.9252108596,34175398.52859707,3117198.9252108596,34175398.52859707,3117198.9252108596,34175398.52859707,3117198.9252108596,34175398.52859707,0.01989048299922384,0.01989048300103287,0.01989048299922384,0.01989048300103287,0.01989048299922384,,0.01989048299922384,,20,20,,,,,,1789358438015
20260914T040000Z,2026-09-14T04:00:00.699617+00:00,14-Sep-2026 09:30:00,open,CoinDCX Futures,B-BTC_USDT-futures,CoinDCX Futures BTC_USDT,crypto_perp,USDT,routed (Binance),,,,,,,,,1.0,99.41999999999999,99.41999999999999,95.613964,,,77573.0,77573.1,77573.05,0.10000000000582077,0.012891074929478828,5.852,21.182,45132424.426319994,163362311.44556397,57980973.94239001,228826279.49566796,57980973.94239001,228826279.49566796,57980973.94239001,228826279.49566796,57980973.94239001,228826279.49566796,57980973.94239001,228826279.49566796,57980973.94239001,228826279.49566796,0.006445537464739414,0.006445537464739414,0.006445537464739414,0.006445537464739414,0.006445537464739414,0.006445537464739414,0.006445537464739414,0.006445537464739414,20,20,,,,,,1789358439051
20260914T040000Z,2026-09-14T04:00:00.699617+00:00,14-Sep-2026 09:30:00,open,CoinDCX Futures,B-ETH_USDT-futures,CoinDCX Futures ETH_USDT,crypto_perp,USDT,routed (Binance),,,,,,,,,1.0,99.41999999999999,99.41999999999999,95.613964,,,2512.93,2512.94,2512.935,0.010000000000218279,0.039794105300050654,100.585,629.708,25129703.827850994,157324039.46751836,68230112.71508397,207779750.75000638,68230112.71508397,207779750.75000638,68230112.71508397,207779750.75000638,68230112.71508397,207779750.75000638,68230112.71508397,207779750.75000638,68230112.71508397,207779750.75000638,0.019897052650025327,0.019897052650025327,0.019897052650025327,0.019897052650025327,0.019897052650025327,0.019897052650025327,0.019897052650025327,0.019897052650025327,20,20,,,,,,1789358439006
20260914T040000Z,2026-09-14T04:00:00.699617+00:00,14-Sep-2026 09:30:00,open,ZebPay spot,BTC-INR,ZebPay BTC-INR,crypto_spot,INR,native,,,,,,,,,1.0,1.0,99.41999999999999,95.613964,,,7720000.0,7720125.4,7720062.7,125.40000000037253,0.16243391391157033,0.00129533,0.00186481,9999.9476,14396.567047174,9999.9476,14396.567047174,9999.9476,14396.567047174,9999.9476,14396.567047174,9999.9476,14396.567047174,9999.9476,14396.567047174,1802705.573869639,14396.567047174,100.84701434222339,26.43671195692566,129.847994368059,33.00058404871022,192.2819130011137,56.166518762860065,,,20,20,,,,,,1789358440
20260914T040000Z,2026-09-14T04:00:00.699617+00:00,14-Sep-2026 09:30:00,open,ZebPay spot,ETH-INR,ZebPay ETH-INR,crypto_spot,INR,native,,,,,,,,,1.0,1.0,99.41999999999999,95.613964,,,249727.35,252000.0,250863.675,2272.649999999994,90.5930282652518,0.373919,0.000404,93377.80098465,101.808,0.0,0.0,0.0,0.0,0.0,0.0,0.0,0.0,0.0,0.0,192800.70100400998,101.808,92.44026757867726,45.40613398756389,165.18049346939057,61.08468533297137,,,,,20,20,,,,,,1789358440
20260914T040000Z,2026-09-14T04:00:00.699617+00:00,14-Sep-2026 09:30:00,open,ZebPay spot,USDT-INR,ZebPay USDT-INR,crypto_spot,INR,native,,,,,,,,,1.0,1.0,99.41999999999999,95.613964,,,99.629,99.782,99.7055,0.1529999999999916,15.345191589229438,688.45625,320.148329,68590.20773125,31945.040564278,0.0,0.0,0.0,0.0,0.0,0.0,68590.20773125,31945.040564278,380543.29316429,441799.758910128,869290.9218076,1544728.4262406577,11.08484824500566,9.468947056671622,24.941619101798356,32.96764302566314,,,,,20,20,,,,,,1789358440
20260914T040000Z,2026-09-14T04:00:00.699617+00:00,14-Sep-2026 09:30:00,open,ZebPay Futures,BTCINR,ZebPay Futures BTCINR perp,crypto_perp,INR,"mirrored (global USDT book, internal FX)",,,,,,,,,1.0,1.0,99.41999999999999,95.613964,,,7412282.0,7412387.0,7412334.5,105.0,0.14165577659777767,11.986,2.796,88843612.052,20725034.051999997,432464672.854,22674515.286,432464672.854,22674515.286,432464672.854,22674515.286,432464672.854,22674515.286,432464672.854,22674515.286,432464672.854,22674515.286,0.07082788829888884,0.07082788829888884,0.07082788829888884,0.07082788829888884,0.07082788829888884,0.07082788829888884,0.07082788829888884,0.07082788829888884,20,20,,,,,,1789358441439
20260914T040000Z,2026-09-14T04:00:00.699617+00:00,14-Sep-2026 09:30:00,open,ZebPay Futures,ETHINR,ZebPay Futures ETHINR perp,crypto_perp,INR,"mirrored (global USDT book, internal FX)",,,,,,,,,1.0,1.0,99.41999999999999,95.613964,,,240218.0,240257.0,240237.5,39.0,1.6233935168323013,177.875,193.905,42728776.75,46587033.585,44474912.09599999,81447235.80600001,87859313.72299999,96240847.09099999,87859313.72299999,96240847.09099999,87859313.72299999,96240847.09099999,87859313.72299999,96240847.09099999,87859313.72299999,96240847.09099999,0.8116967584161506,0.8116967584161506,0.8116967584161506,0.8116967584161506,0.8116967584161506,0.8116967584149392,0.8116967584161506,0.8116967584149392,20,19,,,,,,1789358441748
20260914T040000Z,2026-09-14T04:00:00.699617+00:00,14-Sep-2026 09:30:00,open,Pi42,BTCINR,Pi42 BTCINR perp,crypto_perp,INR,"mirrored (global USDT book, internal FX)",,,,,,,,,1.0,1.0,99.41999999999999,95.613964,,,7412282.0,7412387.0,7412334.5,105.0,0.14165577659777767,11.986,2.796,88843612.052,20725034.051999997,432464672.854,22674515.286,432464672.854,22674515.286,432464672.854,22674515.286,432464672.854,22674515.286,432464672.854,22674515.286,432464672.854,22674515.286,0.07082788829888884,0.07082788829888884,0.07082788829888884,0.07082788829888884,0.07082788829888884,0.07082788829888884,0.07082788829888884,0.07082788829888884,20,20,,,,,,1789358441161
20260914T040000Z,2026-09-14T04:00:00.699617+00:00,14-Sep-2026 09:30:00,open,Pi42,ETHINR,Pi42 ETHINR perp,crypto_perp,INR,"mirrored (global USDT book, internal FX)",,,,,,,,,1.0,1.0,99.41999999999999,95.613964,,,240218.0,240257.0,240237.5,39.0,1.6233935168323013,120.259,132.79,28888376.462,31903727.029999997,31032306.375,66796364.107999995,71215495.896,77315987.602,71215495.896,77315987.602,71215495.896,77315987.602,71215495.896,77315987.602,71215495.896,77315987.602,0.8116967584161506,0.8116967584161506,0.8116967584161506,0.8116967584161506,0.8116967584161506,0.8116967584149392,0.8116967584161506,0.8116967584149392,20,19,,,,,,1789358442086
20260914T040000Z,2026-09-14T04:00:00.699617+00:00,14-Sep-2026 09:30:00,open,WazirX spot,btcinr,WazirX BTC/INR,crypto_spot,INR,native,,,,,,,,,1.0,1.0,99.41999999999999,95.613964,,,7667693.0,7726376.0,7697034.5,58683.0,76.24105101776534,0.01303,0.01404,99910.03979,108478.31904,0.0,0.0,0.0,0.0,0.0,0.0,0.0,0.0,0.0,0.0,249597.50855,298779.01090000005,38.12052550888267,38.120526677647945,,166.2077896103945,,,,,20,20,,,,,,1789358443198
20260914T040000Z,2026-09-14T04:00:00.699617+00:00,14-Sep-2026 09:30:00,open,Giottus spot,BTC/INR,Giottus BTC/INR,crypto_spot,INR,native,,,,,,,,,1.0,1.0,99.41999999999999,95.613964,,,7485000.0,7600000.0,7542500.0,115000.0,152.4693404043752,6.68e-05,0.00415599,499.998,31585.524,0.0,0.0,0.0,0.0,0.0,0.0,0.0,0.0,0.0,0.0,0.0,0.0,352.9735538591468,141.70140847856385,,,,,,,20,20,,,,,,
